# WORK IN PROGRESS
# Tools assisted speedrun demo for Anarch.
# by drummyfish, released under CC0 1.0, public domain
# Anarch demo, 700 x 512, 60 FPS, v. 1.1d
# level 1:
#   CMPNLMRLjcbaldru 
0   0000000000010000 0 0
1   0000000000000000 0 0
2   0000000000010000 0 0
3   0000001000001000 0 0
110 0000001000000000 0 0
119 0000000100000001 0 0
140 0000000000000001 0 0
150 0000000000000001 0 0
160 0000000000010001 0 0
200 0000000100001001 0 0
202 0000000000000001 0 0
215 0000000100000001 0 0
220 0000000000000001 0 0
240 0000000010000001 0 0
250 0000000000000001 200 0
255 0000000000000001 0 0
300 0000000000000001 0 0
302 0000000010000001 0 0
303 0000000000000001 0 0
340 0000000000000001 -200 0
344 0000000000000001 0 0
350 0000000000000001 30 0
355 0000000000000001 0 0
418 0000000000000001 235 0
421 0000000000000001 0 0
470 0000000000000001 -270 0
473 0000000000000001 0 0
520 0000000000000001 -290 0
523 0000000000000001 0 0
615 0000000010000001 312 0
621 0000000000000001 0 0
708 0000000000000001 -270 0
711 0000000000000001 0 0
990 0000000000000001 310 0
994 0000000010000001 0 0
1048 0000000000000011 0 0
1051 0000000000000001 0 0
1100 0000000010000001 0 0
1152 0000000000000001 -210 0
1154 0000000000000001 0 0
1275 0000000000000001 300 0
1278 0000000000000001 0 0
1350 0000000000000001 260 0
1353 0000000000000011 0 0
1354 0000000010000001 0 0
1450 0000000000000011 0 0
1451 0000000000000001 0 0
1558 0000000000000001 -300 0
1560 0000000000000001 0 0
1574 0000000000000001 260 0
1575 0000000000000001 0 0
1620 0000000000001001 -250 0
1621 0000000000001001 0 0
1626 0000000000000001 0 0
1660 0000000000000001 -300 0
1662 0000000000000001 0 0
1680 0000000000000001 -180 0
1682 0000000000000001 0 0
1750 0000000000001001 0 0
1900 0000000000000000 0 0
# level 2
